firstspawn:
  world: lobby
  x: 0.5649238594345327
  y: 83.0
  z: 0.41366250519039244
  yaw: -179.64313
  pitch: 0.7335545
spawn:
  world: lobby
  x: 0.5649238594345327
  y: 83.0
  z: 0.41366250519039244
  yaw: -179.64313
  pitch: 0.7335545
