lastAccountName: lllScorpionlll
timestamps:
  login: 1471085745975
  kits:
    daily: 1471085787333
    tools: 1471085785033
    weekly: 1471085797491
  logout: 1471085951037
ipAddress: 31.11.70.72
money: '150.0'
socialspy: false
logoutlocation:
  world: lobby
  x: 0.6464192882967691
  y: 7.0
  z: 0.4715268133779694
  yaw: 0.0
  pitch: 0.0
