lastAccountName: Ervin
timestamps:
  login: 1467649758110
  logout: 1467649777346
  kits:
    daily: 1467301277435
    titan: 1467211505550
    weekly: 1467211271388
  lastteleport: 1467647193188
ipAddress: 24.211.76.13
socialspy: false
logoutlocation:
  world: spawn
  x: -10.5
  y: 110.0
  z: 131.5
  yaw: 319.34927
  pitch: 12.149971
lastlocation:
  world: spawn
  x: -9.5
  y: 109.0
  z: 135.5
  yaw: 0.0
  pitch: 0.0
money: '10.0'
