lastAccountName: AwesomeCreeperz
timestamps:
  login: 1471703594000
  logout: 1471703720577
  kits:
    youtube: 1467363944627
    daily: 1467363056386
    titan: 1470311209018
    coal: 1470311431345
    notch: 1467282375089
    dtools: 1467432725952
    weekly: 1468851077883
    emerald: 1468682483703
  lastteleport: 1470311280198
ipAddress: 124.120.56.118
socialspy: false
logoutlocation:
  world: lobby
  x: 0.6464192882967691
  y: 7.0
  z: 0.4715268133779694
  yaw: 0.0
  pitch: 0.0
lastlocation:
  world: ASkyBlock
  x: 45.41061099413015
  y: 82.0
  z: 8.699999988079071
  yaw: 74.03534
  pitch: 54.713272
money: '505248.0'
nickname: §4Awesome§2Creeperz
