lastAccountName: 6El8AQtoVsMqZ
timestamps:
  login: 1468382605532
ipAddress: 193.106.31.249
socialspy: false
logoutlocation:
  world: lobby
  x: 0.6894894532075332
  y: 8.5
  z: 0.4657392929413994
  yaw: 0.0
  pitch: 0.0
