socialspy: false
money: '150.0'
lastAccountName: 0iJSAEhJBctRDJkL
timestamps:
  login: 1485717394243
ipAddress: 186.24.13.180
logoutlocation:
  world: lobby
  x: 0.3571864863112401
  y: 83.0
  z: -0.5451610172914331
  yaw: 0.0
  pitch: 0.0
