money: '250.0'
lastAccountName: 4bIiJbojTBfJI
timestamps:
  login: 1470670373250
ipAddress: 185.46.84.160
socialspy: false
logoutlocation:
  world: lobby
  x: 0.6464192882967691
  y: 7.0
  z: 0.4715268133779694
  yaw: 0.0
  pitch: 0.0
