money: '250.0'
socialspy: false
lastAccountName: 2UV2KPK7STOjm
timestamps:
  login: 1470234765029
ipAddress: 5.62.154.22
logoutlocation:
  world: lobby
  x: 0.6464192882967691
  y: 7.0
  z: 0.4715268133779694
  yaw: 0.0
  pitch: 0.0
