money: '250.0'
lastAccountName: 0shie
timestamps:
  login: 1473970933316
  logout: 1473971007226
ipAddress: 73.79.106.94
socialspy: false
logoutlocation:
  world: lobby
  x: 0.2788066025224589
  y: 83.0
  z: 0.23101213145347338
  yaw: 0.0
  pitch: 0.0
