money: '0.0'
lastAccountName: 00bozz00
timestamps:
  login: 1485294552902
  logout: 1485294708980
ipAddress: 79.225.241.26
socialspy: false
logoutlocation:
  world: map
  x: -990.4470358765757
  y: 87.5
  z: 276.04545503599815
  yaw: 3.1785362
  pitch: 1.1882848
