lastAccountName: 6rHW8yMdm8dg4
timestamps:
  login: 1468382615589
ipAddress: 188.72.126.174
socialspy: false
logoutlocation:
  world: spawn
  x: -1130.5
  y: 73.5
  z: 9723.5
  yaw: -177.87675
  pitch: 11.001408
