money: '250.0'
lastAccountName: epicfireflies
timestamps:
  login: 1480222204783
  logout: 1480222629125
ipAddress: 70.240.36.146
socialspy: false
logoutlocation:
  world: lobby
  x: 0.3571864863112401
  y: 83.0
  z: -0.5451610172914331
  yaw: 0.0
  pitch: 0.0
lastlocation:
  world: ice_1
  x: -37.432353006078806
  y: -66.05780160235695
  z: -0.5088217807695661
  yaw: 270.45
  pitch: -23.250008
