money: '250.0'
lastAccountName: 4F7sdT9kKaWuk
timestamps:
  login: 1471360341195
  logout: 1471360341771
ipAddress: 193.106.31.158
socialspy: false
logoutlocation:
  world: lobby
  x: 0.6464192882967691
  y: 7.0
  z: 0.4715268133779694
  yaw: 0.0
  pitch: 0.0
