money: '150.0'
lastAccountName: 1000cupcakes
timestamps:
  login: 1472575659183
  logout: 1472575687205
ipAddress: 164.132.192.19
socialspy: false
logoutlocation:
  world: lobby
  x: 0.6464192882967691
  y: 7.0
  z: 0.4715268133779694
  yaw: 0.0
  pitch: 0.0
