money: '150.0'
socialspy: false
lastAccountName: 98LRyNl6i5bE2s2H
timestamps:
  login: 1485717270331
ipAddress: 103.47.125.4
logoutlocation:
  world: lobby
  x: 0.3571864863112401
  y: 83.0
  z: -0.5451610172914331
  yaw: 0.0
  pitch: 0.0
