lastAccountName: 6ZF5F_EAyGHxM
timestamps:
  login: 1468382635665
ipAddress: 5.62.159.206
socialspy: false
logoutlocation:
  world: lobby
  x: 0.6894894532075332
  y: 8.5
  z: 0.4657392929413994
  yaw: 0.0
  pitch: 0.0
