lastAccountName: MattyBlu
timestamps:
  login: 1468949915232
  logout: 1468949920086
ipAddress: 76.121.140.23
socialspy: false
logoutlocation:
  world: lobby
  x: 0.6464192882967691
  y: 7.0
  z: 0.4715268133779694
  yaw: 0.0
  pitch: 0.0
