lastAccountName: RPvVpWI8ZivdB
timestamps:
  login: 1468382011870
  logout: 1468382013485
ipAddress: 5.101.219.183
socialspy: false
logoutlocation:
  world: lobby
  x: 0.6894894532075332
  y: 8.5
  z: 0.4657392929413994
  yaw: 0.0
  pitch: 0.0
