money: '250.0'
lastAccountName: 2mygDlyd_wXjT
timestamps:
  login: 1470234541180
  logout: 1470234566532
ipAddress: 95.85.80.102
socialspy: false
logoutlocation:
  world: lobby
  x: 0.6464192882967691
  y: 7.0
  z: 0.4715268133779694
  yaw: 0.0
  pitch: 0.0
