money: '150.0'
lastAccountName: LiftedLegend
timestamps:
  login: 1484107324500
  kits:
    daily: 1484107199291
    tools: 1484107188173
    weekly: 1484107176310
  logout: 1484107478121
  lastteleport: 1484107355861
ipAddress: 98.198.217.45
socialspy: false
logoutlocation:
  world: lobby
  x: 0.3571864863112401
  y: 83.0
  z: -0.5451610172914331
  yaw: 0.0
  pitch: 0.0
lastlocation:
  world: skywars
  x: -239.27433455980284
  y: 5.0
  z: -2.5170283168120227
  yaw: -86.792244
  pitch: 43.19107
