money: '150.0'
socialspy: false
lastAccountName: 9pyw8pPVloOyayMz
timestamps:
  login: 1485717375103
ipAddress: 77.238.61.146
logoutlocation:
  world: lobby
  x: 0.3571864863112401
  y: 83.0
  z: -0.5451610172914331
  yaw: 0.0
  pitch: 0.0
