socialspy: false
lastAccountName: 2cNk9egmAcEd3
timestamps:
  login: 1468382583669
  logout: 1468382588146
ipAddress: 188.72.126.18
logoutlocation:
  world: lobby
  x: 0.6894894532075332
  y: 8.5
  z: 0.4657392929413994
  yaw: 0.0
  pitch: 0.0
