lastAccountName: Dead_Mouse
timestamps:
  login: 1468524034706
  logout: 1468524046682
socialspy: false
ipAddress: 71.10.71.74
logoutlocation:
  world: lobby
  x: 0.6464192882967691
  y: 7.0
  z: 0.4715268133779694
  yaw: 0.0
  pitch: 0.0
