money: '250.0'
socialspy: false
lastAccountName: 8nbi4_B8Ah5cL
timestamps:
  login: 1470234423087
ipAddress: 91.229.229.139
logoutlocation:
  world: lobby
  x: 0.6464192882967691
  y: 7.0
  z: 0.4715268133779694
  yaw: 0.0
  pitch: 0.0
