lastAccountName: 5aPgRGHC_2hpazsk
timestamps:
  login: 1485717388815
  logout: 1485717402283
ipAddress: 118.114.242.106
socialspy: false
money: '150.0'
logoutlocation:
  world: lobby
  x: 0.3571864863112401
  y: 83.0
  z: -0.5451610172914331
  yaw: 0.0
  pitch: 0.0
