money: '250.0'
lastAccountName: 745bdRzbRvZp1
timestamps:
  login: 1470234541187
  logout: 1470234566532
ipAddress: 188.68.3.183
socialspy: false
logoutlocation:
  world: lobby
  x: 0.6464192882967691
  y: 7.0
  z: 0.4715268133779694
  yaw: 0.0
  pitch: 0.0
