money: '150.0'
lastAccountName: 1H_5Xjpd8S_AVCMO
timestamps:
  login: 1485717371046
ipAddress: 76.10.252.205
socialspy: false
logoutlocation:
  world: lobby
  x: 0.3571864863112401
  y: 83.0
  z: -0.5451610172914331
  yaw: 0.0
  pitch: 0.0
