lastAccountName: 8kFaS6So7U5IkGSh
timestamps:
  login: 1485717347229
ipAddress: 69.178.220.242
socialspy: false
money: '150.0'
logoutlocation:
  world: lobby
  x: 0.3571864863112401
  y: 83.0
  z: -0.5451610172914331
  yaw: 0.0
  pitch: 0.0
