money: '150.0'
lastAccountName: 2zJ4ALItUT1xgxae
timestamps:
  login: 1485717411245
ipAddress: 76.10.250.77
socialspy: false
logoutlocation:
  world: lobby
  x: 0.3571864863112401
  y: 83.0
  z: -0.5451610172914331
  yaw: 0.0
  pitch: 0.0
