lastAccountName: __littlekelly__
timestamps:
  login: 1476061130538
  logout: 1476061194519
  lastteleport: 1476061154742
ipAddress: 71.10.71.74
socialspy: false
money: '160.0'
logoutlocation:
  world: lobby
  x: 0.5230862489551613
  y: 83.0
  z: 0.4084567937759438
  yaw: 0.0
  pitch: 0.0
lastlocation:
  world: lobby
  x: 1.0285985135509002
  y: 83.0
  z: 1.6909764323106007
  yaw: 118.95001
  pitch: -2.3999999
