money: '250.0'
lastAccountName: 0znQ2DFXz4S6J
timestamps:
  login: 1470234304129
ipAddress: 185.2.32.55
socialspy: false
logoutlocation:
  world: lobby
  x: 0.6464192882967691
  y: 7.0
  z: 0.4715268133779694
  yaw: 0.0
  pitch: 0.0
