lastAccountName: Epic_abdullah
timestamps:
  login: 1467569169672
  logout: 1467569323399
ipAddress: 141.105.9.185
socialspy: false
lastlocation:
  world: spawn
  x: -9.5
  y: 109.0
  z: 135.5
  yaw: 0.0
  pitch: 0.0
money: '110.0'
logoutlocation:
  world: spawn
  x: -7.062030805231918
  y: 113.0
  z: 128.47201015843603
  yaw: 50.485626
  pitch: 29.701023
