money: '150.0'
socialspy: false
lastAccountName: 4hhKJEqWCJ_4HVXY
timestamps:
  login: 1485717277965
ipAddress: 192.173.165.130
logoutlocation:
  world: lobby
  x: 0.3571864863112401
  y: 83.0
  z: -0.5451610172914331
  yaw: 0.0
  pitch: 0.0
