socialspy: false
lastAccountName: 2rtvHH_9QTaWH
timestamps:
  login: 1468382525929
  logout: 1468382534056
ipAddress: 195.34.78.107
logoutlocation:
  world: lobby
  x: 0.6894894532075332
  y: 8.5
  z: 0.4657392929413994
  yaw: 0.0
  pitch: 0.0
