money: '150.0'
socialspy: false
lastAccountName: 2Ro7REtxC911oLjf
timestamps:
  login: 1485717281487
ipAddress: 173.29.14.236
logoutlocation:
  world: lobby
  x: 0.3571864863112401
  y: 83.0
  z: -0.5451610172914331
  yaw: 0.0
  pitch: 0.0
