money: '150.0'
lastAccountName: 4dERUrFUMF95X
timestamps:
  login: 1470234566202
  logout: 1470234566532
ipAddress: 5.189.206.162
socialspy: false
logoutlocation:
  world: lobby
  x: 0.6464192882967691
  y: 7.0
  z: 0.4715268133779694
  yaw: 0.0
  pitch: 0.0
