money: '150.0'
socialspy: false
lastAccountName: 4k_9pB4lJyVFfHhV
timestamps:
  login: 1471348264991
  logout: 1471348265333
ipAddress: 104.196.119.33
logoutlocation:
  world: lobby
  x: 0.6464192882967691
  y: 7.0
  z: 0.4715268133779694
  yaw: 0.0
  pitch: 0.0
