socialspy: false
lastAccountName: 7va5sclYYNWja
timestamps:
  login: 1468381896731
ipAddress: 195.34.79.127
logoutlocation:
  world: spawn
  x: -1130.5
  y: 73.5
  z: 9723.5
  yaw: -177.87675
  pitch: 11.001408
