money: '150.0'
lastAccountName: 74L6IN0P2EEO7
timestamps:
  login: 1470670686193
ipAddress: 195.34.78.208
socialspy: false
logoutlocation:
  world: lobby
  x: 0.6464192882967691
  y: 7.0
  z: 0.4715268133779694
  yaw: 0.0
  pitch: 0.0
