lastAccountName: 5v5fyrc2YJ_KmKgI
timestamps:
  login: 1471027553408
  logout: 1471027582255
ipAddress: 166.62.97.238
socialspy: false
money: '150.0'
logoutlocation:
  world: lobby
  x: 0.6464192882967691
  y: 7.0
  z: 0.4715268133779694
  yaw: 0.0
  pitch: 0.0
