lastAccountName: SbOUcgrg8iZe4
timestamps:
  login: 1468382003342
  logout: 1468382004163
ipAddress: 188.72.96.210
socialspy: false
logoutlocation:
  world: lobby
  x: 0.6894894532075332
  y: 8.5
  z: 0.4657392929413994
  yaw: 0.0
  pitch: 0.0
