money: '250.0'
socialspy: false
lastAccountName: 01aSE_bweGQcW
timestamps:
  login: 1470234511642
  logout: 1470234538666
ipAddress: 5.189.206.162
logoutlocation:
  world: lobby
  x: 0.6464192882967691
  y: 7.0
  z: 0.4715268133779694
  yaw: 0.0
  pitch: 0.0
