lastAccountName: 99milzman
timestamps:
  login: 1471362748423
  logout: 1471362716910
ipAddress: 188.68.0.61
socialspy: false
money: '150.0'
logoutlocation:
  world: lobby
  x: 0.6464192882967691
  y: 7.0
  z: 0.4715268133779694
  yaw: 0.0
  pitch: 0.0
