money: '150.0'
socialspy: false
lastAccountName: 9L4E7aBPs70uo
timestamps:
  login: 1471360383311
  logout: 1471360392240
ipAddress: 95.181.177.187
logoutlocation:
  world: lobby
  x: 0.6464192882967691
  y: 7.0
  z: 0.4715268133779694
  yaw: 0.0
  pitch: 0.0
