lastAccountName: kime
timestamps:
  login: 1467880162039
  logout: 1467880246345
ipAddress: 213.128.174.13
socialspy: false
lastlocation:
  world: spawn
  x: -1130.5
  y: 73.0
  z: 9723.5
  yaw: -177.87675
  pitch: 11.001408
logoutlocation:
  world: lobby
  x: 0.349712756593468
  y: 8.0
  z: 0.6680903850311521
  yaw: 0.0
  pitch: 0.0
money: '110.0'
