lastAccountName: 28YZhOL5S1Rnb9Lx
timestamps:
  login: 1485717267503
ipAddress: 75.108.166.111
money: '150.0'
socialspy: false
logoutlocation:
  world: lobby
  x: 0.3571864863112401
  y: 83.0
  z: -0.5451610172914331
  yaw: 0.0
  pitch: 0.0
