lastAccountName: 0bYzTftsCpq7qBMc
timestamps:
  login: 1485717357067
ipAddress: 76.178.239.59
socialspy: false
money: '150.0'
logoutlocation:
  world: lobby
  x: 0.3571864863112401
  y: 83.0
  z: -0.5451610172914331
  yaw: 0.0
  pitch: 0.0
