money: '150.0'
lastAccountName: 1bnIZXjYZAJgLL7N
timestamps:
  login: 1485717285470
ipAddress: 188.123.216.84
socialspy: false
logoutlocation:
  world: lobby
  x: 0.3571864863112401
  y: 83.0
  z: -0.5451610172914331
  yaw: 0.0
  pitch: 0.0
