lastAccountName: krK96Ki6hGFxS
timestamps:
  login: 1468382472919
  logout: 1468382476292
ipAddress: 193.106.31.161
socialspy: false
logoutlocation:
  world: lobby
  x: 0.6894894532075332
  y: 8.5
  z: 0.4657392929413994
  yaw: 0.0
  pitch: 0.0
