money: '950.0'
lastAccountName: _SassyTay
timestamps:
  login: 1476065736100
  logout: 1476067357633
  kits:
    daily: 1473558352861
    weekly: 1473558360162
  lastteleport: 1476066140757
  mute: 0
ipAddress: 68.102.128.2
socialspy: false
logoutlocation:
  world: lobby
  x: 0.5230862489551613
  y: 83.0
  z: 0.4084567937759438
  yaw: 0.0
  pitch: 0.0
lastlocation:
  world: spawn
  x: -3521.827505338033
  y: 68.02442408821369
  z: 10018.57564804979
  yaw: 160.68231
  pitch: 7.4999294
muted: false
