lastAccountName: Yegdip
timestamps:
  login: 1467231848313
  logout: 1467231852808
ipAddress: 24.36.160.123
socialspy: false
logoutlocation:
  world: spawn
  x: -10.000192918668027
  y: 110.0
  z: 131.49356638712368
  yaw: -107.360214
  pitch: 24.534796
