lastAccountName: pLJm_2h2eT4ho
timestamps:
  login: 1468382699521
  logout: 1468382706662
ipAddress: 193.106.31.224
socialspy: false
logoutlocation:
  world: lobby
  x: 0.6894894532075332
  y: 8.5
  z: 0.4657392929413994
  yaw: 0.0
  pitch: 0.0
