socialspy: false
lastAccountName: qscfthm
timestamps:
  login: 1467524955821
  logout: 1467524958032
ipAddress: 115.178.198.2
lastlocation:
  world: spawn
  x: -9.5
  y: 109.0
  z: 135.5
  yaw: 0.0
  pitch: 0.0
logoutlocation:
  world: spawn
  x: -10.5
  y: 109.0
  z: 131.5
  yaw: -269.10046
  pitch: 1.9500173
