lastAccountName: 3IPKMZxyOkkYxMNw
timestamps:
  login: 1471348303481
  logout: 1471348299262
ipAddress: 78.135.114.76
money: '150.0'
socialspy: false
logoutlocation:
  world: lobby
  x: 0.6464192882967691
  y: 7.0
  z: 0.4715268133779694
  yaw: 0.0
  pitch: 0.0
