money: '150.0'
socialspy: false
lastAccountName: 5K3dN1cfmn4GZyD4
timestamps:
  login: 1485717420103
ipAddress: 46.59.101.176
logoutlocation:
  world: lobby
  x: 0.3571864863112401
  y: 83.0
  z: -0.5451610172914331
  yaw: 0.0
  pitch: 0.0
