lastAccountName: _MinecraftMaslo_
timestamps:
  login: 1467477918579
  lastteleport: 1467477999424
  logout: 1467478110684
ipAddress: 78.131.175.6
socialspy: false
lastlocation:
  world: spawn
  x: -35.85281122928336
  y: 109.0
  z: 131.6063163155425
  yaw: 263.09952
  pitch: 47.40001
money: '110.0'
logoutlocation:
  world: spawn
  x: -1121.3948079852264
  y: 74.0
  z: 9721.493240421722
  yaw: 269.34924
  pitch: 89.850006
