socialspy: false
lastAccountName: 53lY_hEjDh8pC
timestamps:
  login: 1468382635664
ipAddress: 188.72.96.175
logoutlocation:
  world: lobby
  x: 0.6894894532075332
  y: 8.5
  z: 0.4657392929413994
  yaw: 0.0
  pitch: 0.0
