lastAccountName: Julian000
timestamps:
  login: 1467968471999
  logout: 1467968492001
ipAddress: 91.135.175.137
socialspy: false
lastlocation:
  world: spawn
  x: -1130.5
  y: 73.5
  z: 9723.5
  yaw: -177.87675
  pitch: 11.001408
money: '110.0'
logoutlocation:
  world: lobby
  x: 0.349712756593468
  y: 8.0
  z: 0.6680903850311521
  yaw: 0.0
  pitch: 0.0
