money: '150.0'
socialspy: false
lastAccountName: 8QuuPu2blQbAaWY_
timestamps:
  login: 1485717267491
ipAddress: 103.228.143.88
logoutlocation:
  world: lobby
  x: 0.3571864863112401
  y: 83.0
  z: -0.5451610172914331
  yaw: 0.0
  pitch: 0.0
