money: '150.0'
socialspy: false
lastAccountName: 1H9a58DhENIKA1i3
timestamps:
  login: 1485717428054
  logout: 1485717449620
ipAddress: 206.74.116.168
logoutlocation:
  world: lobby
  x: 0.3571864863112401
  y: 83.0
  z: -0.5451610172914331
  yaw: 0.0
  pitch: 0.0
