money: '250.0'
socialspy: false
lastAccountName: 7Tr7lpALhaUjH
timestamps:
  login: 1471828721387
ipAddress: 178.57.68.83
logoutlocation:
  world: lobby
  x: 0.6464192882967691
  y: 7.0
  z: 0.4715268133779694
  yaw: 0.0
  pitch: 0.0
