money: '150.0'
socialspy: false
lastAccountName: 5oK78aOhqHijBRTo
timestamps:
  login: 1485717394128
ipAddress: 174.105.220.172
logoutlocation:
  world: lobby
  x: 0.3571864863112401
  y: 83.0
  z: -0.5451610172914331
  yaw: 0.0
  pitch: 0.0
