money: '150.0'
lastAccountName: DjRefusinq
timestamps:
  login: 1483134145517
  kits:
    daily: 1483134163001
    tools: 1483134167301
    weekly: 1483134156200
  logout: 1483134228493
ipAddress: 85.166.197.101
socialspy: false
logoutlocation:
  world: lobby
  x: 0.3571864863112401
  y: 83.0
  z: -0.5451610172914331
  yaw: 0.0
  pitch: 0.0
