money: '150.0'
socialspy: false
lastAccountName: 8zdtx1P7JrvTKs84
timestamps:
  login: 1485717408931
ipAddress: 118.114.242.106
logoutlocation:
  world: lobby
  x: 0.3571864863112401
  y: 83.0
  z: -0.5451610172914331
  yaw: 0.0
  pitch: 0.0
