money: '250.0'
socialspy: false
lastAccountName: 5cesyuiYwbZYt
timestamps:
  login: 1472344666709
ipAddress: 79.110.18.170
logoutlocation:
  world: lobby
  x: 0.6464192882967691
  y: 7.0
  z: 0.4715268133779694
  yaw: 0.0
  pitch: 0.0
