money: '536.0'
lastAccountName: IcanLevitate
timestamps:
  login: 1488569286272
  kits:
    weekly: 1486670864197
  logout: 1488569380209
  lastteleport: 1488394046278
ipAddress: 185.106.28.182
socialspy: false
logoutlocation:
  world: lobby
  x: 0.3571864863112401
  y: 83.0
  z: -0.5451610172914331
  yaw: 0.0
  pitch: 0.0
lastlocation:
  world: spawn
  x: 60.25946659508817
  y: 78.0
  z: 241.71291650105437
  yaw: -180.44128
  pitch: 3.6614816
homes:
  home:
    world: spawn
    x: 35.5
    y: 64.0
    z: 547.5
    yaw: 155.63754
    pitch: 15.67259
afk: false
