money: '250.0'
lastAccountName: 5zXVj0h0Ly4OPy6w
timestamps:
  login: 1471347834872
  logout: 1471347862421
ipAddress: 166.62.97.239
socialspy: false
logoutlocation:
  world: lobby
  x: 0.6464192882967691
  y: 7.0
  z: 0.4715268133779694
  yaw: 0.0
  pitch: 0.0
