lastAccountName: 9YPGjYyYNqS1o
timestamps:
  login: 1468382472918
  logout: 1468382476292
ipAddress: 91.229.229.118
socialspy: false
logoutlocation:
  world: lobby
  x: 0.6894894532075332
  y: 8.5
  z: 0.4657392929413994
  yaw: 0.0
  pitch: 0.0
