lastAccountName: yujelRZ62EQbX
timestamps:
  login: 1468382701015
  logout: 1468382709206
ipAddress: 185.14.194.45
socialspy: false
logoutlocation:
  world: lobby
  x: 0.6894894532075332
  y: 8.5
  z: 0.4657392929413994
  yaw: 0.0
  pitch: 0.0
