money: '250.0'
socialspy: false
lastAccountName: 0Abdb5UVPWaNg
timestamps:
  login: 1470234501003
ipAddress: 188.72.96.248
logoutlocation:
  world: lobby
  x: 0.44117024728147597
  y: 7.0
  z: 0.4679948560999413
  yaw: 0.5999942
  pitch: -27.749996
