money: '150.0'
lastAccountName: CoilieSoraHD
timestamps:
  login: 1483971238661
  logout: 1483971241536
ipAddress: 93.218.198.220
socialspy: false
logoutlocation:
  world: lobby
  x: 0.3571864863112401
  y: 83.0
  z: -0.5451610172914331
  yaw: 0.0
  pitch: 0.0
lastlocation:
  world: map
  x: -1012.7429603430405
  y: 15.694706672422882
  z: 293.40958871965177
  yaw: -185.72668
  pitch: 24.125553
