money: '150.0'
lastAccountName: 1t8HzZ1g0TqNy
timestamps:
  login: 1470234546967
  logout: 1470234570724
ipAddress: 188.68.3.38
socialspy: false
logoutlocation:
  world: lobby
  x: 0.6464192882967691
  y: 7.0
  z: 0.4715268133779694
  yaw: 0.0
  pitch: 0.0
