money: '150.0'
lastAccountName: 7FZmixLxFa8Ss0_s
timestamps:
  login: 1485717331225
ipAddress: 50.30.113.31
socialspy: false
logoutlocation:
  world: lobby
  x: 0.3571864863112401
  y: 83.0
  z: -0.5451610172914331
  yaw: 0.0
  pitch: 0.0
