lastAccountName: sg7LH6RS7JDRC
timestamps:
  login: 1468382389960
  logout: 1468382398429
ipAddress: 141.101.132.49
socialspy: false
logoutlocation:
  world: lobby
  x: 0.6894894532075332
  y: 8.5
  z: 0.4657392929413994
  yaw: 0.0
  pitch: 0.0
