socialspy: false
money: '150.0'
lastAccountName: 5X53PDChcF8hR7u0
timestamps:
  login: 1485717382561
ipAddress: 86.106.206.200
logoutlocation:
  world: lobby
  x: 0.3571864863112401
  y: 83.0
  z: -0.5451610172914331
  yaw: 0.0
  pitch: 0.0
