money: '250.0'
lastAccountName: VinxPvP
timestamps:
  login: 1472217579524
  kits:
    daily: 1472151873676
    tools: 1472151886038
    weekly: 1472151868418
  logout: 1472217586074
ipAddress: 178.153.31.197
socialspy: false
logoutlocation:
  world: lobby
  x: 0.6464192882967691
  y: 7.0
  z: 0.4715268133779694
  yaw: 0.0
  pitch: 0.0
