lastAccountName: _Creeper__Gamer_
timestamps:
  login: 1467096847301
  logout: 1467096862179
ipAddress: 46.116.150.214
socialspy: false
lastlocation:
  world: spawn
  x: -9.5
  y: 109.0
  z: 135.5
  yaw: 0.0
  pitch: 0.0
money: '110.0'
logoutlocation:
  world: spawn
  x: -10.075742721518337
  y: 110.0
  z: 131.19784084018522
  yaw: 351.63647
  pitch: 18.347672
