socialspy: false
lastAccountName: Nb1VMqH_7jiyp
timestamps:
  login: 1468382003339
  logout: 1468382004163
ipAddress: 95.181.176.155
logoutlocation:
  world: lobby
  x: 0.6894894532075332
  y: 8.5
  z: 0.4657392929413994
  yaw: 0.0
  pitch: 0.0
