lastAccountName: 2xiDvLEiqsRVpQ6g
timestamps:
  login: 1485717355695
ipAddress: 79.138.52.154
socialspy: false
money: '150.0'
logoutlocation:
  world: lobby
  x: 0.3571864863112401
  y: 83.0
  z: -0.5451610172914331
  yaw: 0.0
  pitch: 0.0
