money: '250.0'
lastAccountName: FireStone
timestamps:
  login: 1482462576037
  kits:
    daily: 1482462589504
    tools: 1482462594056
    weekly: 1482462586604
  logout: 1482463017822
ipAddress: 73.248.199.23
socialspy: false
logoutlocation:
  world: lobby
  x: 0.3571864863112401
  y: 83.0
  z: -0.5451610172914331
  yaw: 0.0
  pitch: 0.0
