lastAccountName: MyboiSwag
timestamps:
  login: 1469824178897
  logout: 1469824183874
ipAddress: 76.112.242.219
socialspy: false
logoutlocation:
  world: lobby
  x: 0.6464192882967691
  y: 7.0
  z: 0.4715268133779694
  yaw: 0.0
  pitch: 0.0
