money: '250.0'
lastAccountName: The_vils
timestamps:
  login: 1479070437376
  kits:
    daily: 1479059821483
    tools: 1479059819733
    weekly: 1479059823934
  lastteleport: 1479061813405
  logout: 1479070573580
ipAddress: 109.93.46.42
socialspy: false
homes:
  home:
    world: spawn
    x: 213.71941793497504
    y: 88.0
    z: 768.8772657070774
    yaw: -195.79272
    pitch: 15.498325
lastlocation:
  world: spawn
  x: -1126.3202335206804
  y: 71.0
  z: 9695.304574034812
  yaw: 208.95505
  pitch: 2.233663
logoutlocation:
  world: lobby
  x: 0.3571864863112401
  y: 83.0
  z: -0.5451610172914331
  yaw: 0.0
  pitch: 0.0
