lastAccountName: xFwPvPx
timestamps:
  login: 1475353765531
  logout: 1475353998234
ipAddress: 217.122.164.129
money: '150.0'
socialspy: false
lastlocation:
  world: map
  x: -1023.7960255384219
  y: 13.753199980521202
  z: 232.14562706373601
  yaw: -23.254272
  pitch: 19.050045
logoutlocation:
  world: lobby
  x: 0.5230862489551613
  y: 83.0
  z: 0.4084567937759438
  yaw: 0.0
  pitch: 0.0
