money: '150.0'
socialspy: false
lastAccountName: RDG0713
timestamps:
  login: 1490315015365
  lastteleport: 1490315790571
  logout: 1490315971982
  kits:
    daily: 1490315806330
    weekly: 1490315888672
ipAddress: 130.105.196.207
lastlocation:
  world: ASkyBlock
  x: -1401.300000011921
  y: 117.0
  z: -0.30000001192092884
  yaw: -106.8003
  pitch: 51.59985
afk: false
logoutlocation:
  world: lobby
  x: 0.3571864863112401
  y: 83.0
  z: -0.5451610172914331
  yaw: 0.0
  pitch: 0.0
