money: '150.0'
lastAccountName: 0cp0qG_lHmDddrvY
timestamps:
  login: 1485717420085
ipAddress: 50.30.179.217
socialspy: false
logoutlocation:
  world: lobby
  x: 0.3571864863112401
  y: 83.0
  z: -0.5451610172914331
  yaw: 0.0
  pitch: 0.0
