money: '250.0'
lastAccountName: 4J3Wpprk5Cg4n
timestamps:
  login: 1470234299757
ipAddress: 146.185.205.30
socialspy: false
logoutlocation:
  world: lobby
  x: 0.6464192882967691
  y: 7.0
  z: 0.4715268133779694
  yaw: 0.0
  pitch: 0.0
