socialspy: false
lastAccountName: 0FoNV5b7acWbGJfn
timestamps:
  login: 1485717320512
ipAddress: 109.228.147.75
money: '150.0'
logoutlocation:
  world: lobby
  x: 0.3571864863112401
  y: 83.0
  z: -0.5451610172914331
  yaw: 0.0
  pitch: 0.0
