lastAccountName: ThatBadassPeng
timestamps:
  login: 1468040112458
  logout: 1468041193521
ipAddress: 24.19.202.160
socialspy: false
lastlocation:
  world: spawn
  x: -1141.542518158321
  y: 76.62431537178662
  z: 9718.585009156935
  yaw: -26.227617
  pitch: 53.549984
money: '20.0'
logoutlocation:
  world: lobby
  x: 0.349712756593468
  y: 8.0
  z: 0.6680903850311521
  yaw: 0.0
  pitch: 0.0
