lastAccountName: Rapha0916
timestamps:
  login: 1467599002332
  logout: 1467599008740
ipAddress: 116.14.190.223
socialspy: false
money: '110.0'
lastlocation:
  world: spawn
  x: -9.5
  y: 109.0
  z: 135.5
  yaw: 0.0
  pitch: 0.0
logoutlocation:
  world: spawn
  x: -10.5
  y: 110.0
  z: 131.5
  yaw: -179.70444
  pitch: 30.869421
