socialspy: false
lastAccountName: xNYs24NtyvsCh
timestamps:
  login: 1468382518225
  logout: 1468382519030
ipAddress: 95.181.218.235
logoutlocation:
  world: lobby
  x: 0.6894894532075332
  y: 8.5
  z: 0.4657392929413994
  yaw: 0.0
  pitch: 0.0
