money: '150.0'
lastAccountName: 1IuWtpJFNm6iznab
timestamps:
  login: 1485717300897
ipAddress: 173.230.59.48
socialspy: false
logoutlocation:
  world: lobby
  x: 0.3571864863112401
  y: 83.0
  z: -0.5451610172914331
  yaw: 0.0
  pitch: 0.0
