money: '250.0'
lastAccountName: 5WNBtfxO_UqCH
timestamps:
  login: 1470670433143
ipAddress: 141.101.132.164
socialspy: false
logoutlocation:
  world: lobby
  x: 0.6464192882967691
  y: 7.0
  z: 0.4715268133779694
  yaw: 0.0
  pitch: 0.0
