lastAccountName: Snopy__
timestamps:
  login: 1471452470552
  logout: 1471452508095
  kits:
    daily: 1471451117695
    tools: 1471451300493
  mute: 0
  lastteleport: 1471452482350
ipAddress: 77.138.44.244
money: '150.0'
socialspy: false
logoutlocation:
  world: lobby
  x: 0.6464192882967691
  y: 7.0
  z: 0.4715268133779694
  yaw: 0.0
  pitch: 0.0
lastlocation:
  world: lobby
  x: 0.6464192882967691
  y: 9.0
  z: 18.657249101259133
  yaw: 0.0
  pitch: 0.0
homes:
  home:
    world: spawn
    x: -497.8086244147374
    y: 63.0
    z: 8079.823279502096
    yaw: 120.88343
    pitch: 28.050028
muted: false
