money: '150.0'
socialspy: false
lastAccountName: 6drqJnZh8MUClWB3
timestamps:
  login: 1485717255309
ipAddress: 74.192.227.32
logoutlocation:
  world: lobby
  x: 0.3571864863112401
  y: 83.0
  z: -0.5451610172914331
  yaw: 0.0
  pitch: 0.0
