money: '250.0'
lastAccountName: 4pIKjyRLZhQgt
timestamps:
  login: 1470234354219
ipAddress: 5.101.221.103
socialspy: false
logoutlocation:
  world: lobby
  x: 0.6464192882967691
  y: 7.0
  z: 0.4715268133779694
  yaw: 0.0
  pitch: 0.0
