money: '150.0'
lastAccountName: 77lEUvxQpGQm3RCY
timestamps:
  login: 1471348176487
  logout: 1471348206020
ipAddress: 119.81.147.98
socialspy: false
logoutlocation:
  world: lobby
  x: 0.6464192882967691
  y: 7.0
  z: 0.4715268133779694
  yaw: 0.0
  pitch: 0.0
