lastAccountName: JxnD
timestamps:
  login: 1490462313735
  logout: 1490465492999
ipAddress: 62.201.226.20
money: '150.0'
socialspy: false
logoutlocation:
  world: lobby
  x: 0.3571864863112401
  y: 83.0
  z: -0.5451610172914331
  yaw: 0.0
  pitch: 0.0
lastlocation:
  world: ASkyBlock
  x: -1402.0631155978333
  y: -203.5515090786584
  z: 200.39546147183756
  yaw: 268.53223
  pitch: -59.5719
