money: '150.0'
lastAccountName: 8Lp3qPnhlrOz4
timestamps:
  login: 1471828717031
ipAddress: 194.50.116.150
socialspy: false
logoutlocation:
  world: lobby
  x: 0.6464192882967691
  y: 7.0
  z: 0.4715268133779694
  yaw: 0.0
  pitch: 0.0
