money: '150.0'
lastAccountName: 5qeMoOJtGYROoxRU
timestamps:
  login: 1471348204328
  logout: 1471348178236
ipAddress: 166.62.97.238
socialspy: false
logoutlocation:
  world: lobby
  x: 0.6464192882967691
  y: 7.0
  z: 0.4715268133779694
  yaw: 0.0
  pitch: 0.0
