lastAccountName: 7MOomCnW0OpmFDry
timestamps:
  login: 1485717405695
ipAddress: 85.23.156.171
socialspy: false
money: '150.0'
logoutlocation:
  world: lobby
  x: 0.3571864863112401
  y: 83.0
  z: -0.5451610172914331
  yaw: 0.0
  pitch: 0.0
