socialspy: false
lastAccountName: 6E1FM5L3IW0hw
timestamps:
  login: 1468382011104
  logout: 1468382013485
ipAddress: 188.72.96.163
logoutlocation:
  world: lobby
  x: 0.6894894532075332
  y: 8.5
  z: 0.4657392929413994
  yaw: 0.0
  pitch: 0.0
