money: '150.0'
lastAccountName: 5j5px_g3WtkLYlN1
timestamps:
  login: 1471348223531
  logout: 1471348255256
socialspy: false
ipAddress: 119.81.147.98
logoutlocation:
  world: lobby
  x: 0.6464192882967691
  y: 7.0
  z: 0.4715268133779694
  yaw: 0.0
  pitch: 0.0
