money: '250.0'
lastAccountName: 0GbnB_pl_apN4
timestamps:
  login: 1470234786141
  logout: 1470234786174
ipAddress: 5.189.206.248
socialspy: false
logoutlocation:
  world: lobby
  x: 0.6464192882967691
  y: 7.0
  z: 0.4715268133779694
  yaw: 0.0
  pitch: 0.0
