money: '250.0'
lastAccountName: 2OIQ_2t6Yetr7
timestamps:
  login: 1470670483102
ipAddress: 91.229.229.97
socialspy: false
logoutlocation:
  world: lobby
  x: 0.6464192882967691
  y: 7.0
  z: 0.4715268133779694
  yaw: 0.0
  pitch: 0.0
