socialspy: false
lastAccountName: 2_3v7hbg6Cwcd
timestamps:
  login: 1468382570450
ipAddress: 188.68.0.197
logoutlocation:
  world: lobby
  x: 0.6894894532075332
  y: 8.5
  z: 0.4657392929413994
  yaw: 0.0
  pitch: 0.0
