money: '250.0'
lastAccountName: 1KzD1_uAyeGTX
timestamps:
  login: 1470234509578
  logout: 1470234536159
ipAddress: 185.2.32.157
socialspy: false
logoutlocation:
  world: lobby
  x: 0.6464192882967691
  y: 7.0
  z: 0.4715268133779694
  yaw: 0.0
  pitch: 0.0
