socialspy: false
lastAccountName: 6oJ8cmBbEZ_0h
timestamps:
  login: 1468382471021
  logout: 1468382476292
ipAddress: 193.106.31.201
logoutlocation:
  world: lobby
  x: 0.6894894532075332
  y: 8.5
  z: 0.4657392929413994
  yaw: 0.0
  pitch: 0.0
