lastAccountName: 5Ka2SzWk3Z8tN
timestamps:
  login: 1468382625148
  logout: 1468382626673
ipAddress: 195.34.79.56
socialspy: false
logoutlocation:
  world: spawn
  x: -1130.5
  y: 73.5
  z: 9723.5
  yaw: -177.87675
  pitch: 11.001408
