lastAccountName: GMLOL
timestamps:
  login: 1467344338987
  logout: 1467344374738
ipAddress: 14.184.39.196
socialspy: false
lastlocation:
  world: spawn
  x: -9.5
  y: 109.0
  z: 135.5
  yaw: 0.0
  pitch: 0.0
money: '110.0'
logoutlocation:
  world: spawn
  x: -14.653643609312113
  y: 109.0
  z: 130.33042714015662
  yaw: -111.15027
  pitch: 6.000001
