money: '150.0'
lastAccountName: 3ApOKACnM4H2OwNx
timestamps:
  login: 1485717360387
ipAddress: 117.240.14.51
socialspy: false
logoutlocation:
  world: lobby
  x: 0.3571864863112401
  y: 83.0
  z: -0.5451610172914331
  yaw: 0.0
  pitch: 0.0
