money: '250.0'
lastAccountName: 2H15NlhkJzCgB
timestamps:
  login: 1470234342956
ipAddress: 95.85.80.47
socialspy: false
logoutlocation:
  world: lobby
  x: 0.6464192882967691
  y: 7.0
  z: 0.4715268133779694
  yaw: 0.0
  pitch: 0.0
