money: '250.0'
lastAccountName: 2aVjHMfkN1AHw
timestamps:
  login: 1471828734939
ipAddress: 91.200.82.192
socialspy: false
logoutlocation:
  world: lobby
  x: 0.6464192882967691
  y: 7.0
  z: 0.4715268133779694
  yaw: 0.0
  pitch: 0.0
