money: '250.0'
socialspy: false
lastAccountName: Rickmannie
timestamps:
  login: 1470404937739
  lastteleport: 1470405031119
  kits:
    weekly: 1470405068709
  logout: 1470405281818
ipAddress: 84.86.212.85
lastlocation:
  world: map
  x: -1002.0899885544574
  y: 89.0
  z: 275.18315177005394
  yaw: 259.0459
  pitch: 0.45002982
logoutlocation:
  world: lobby
  x: 0.6464192882967691
  y: 7.0
  z: 0.4715268133779694
  yaw: 0.0
  pitch: 0.0
