lastAccountName: Xx_GamerBoy_xX
timestamps:
  login: 1480742536424
  lastteleport: 1469793884706
  logout: 1480742604973
ipAddress: 175.158.225.10
socialspy: false
money: '360.0'
lastlocation:
  world: skyblock
  x: -2.8787978936248146
  y: 82.0
  z: -17.56108809246098
  yaw: -183.55025
  pitch: 15.9404955
afk: false
logoutlocation:
  world: lobby
  x: 0.3571864863112401
  y: 83.0
  z: -0.5451610172914331
  yaw: 0.0
  pitch: 0.0
