lastlocation:
  world: ASkyBlock
  x: -563.1815793879666
  y: 120.0
  z: 744.2618715957481
  yaw: -87.39403
  pitch: 23.912647
