money: '250.0'
lastAccountName: 9YuG_Mrq_Mc9t
timestamps:
  login: 1470670499149
ipAddress: 95.181.218.134
socialspy: false
logoutlocation:
  world: lobby
  x: 0.6464192882967691
  y: 7.0
  z: 0.4715268133779694
  yaw: 0.0
  pitch: 0.0
