lastAccountName: 2kXGjV5K4Jipz
timestamps:
  login: 1470234754857
ipAddress: 146.185.204.162
socialspy: false
money: '150.0'
logoutlocation:
  world: lobby
  x: 0.6464192882967691
  y: 7.0
  z: 0.4715268133779694
  yaw: 0.0
  pitch: 0.0
