money: '250.0'
socialspy: false
lastAccountName: 0NiHx98IaU66x
timestamps:
  login: 1470670509323
ipAddress: 46.161.61.115
logoutlocation:
  world: lobby
  x: 0.6464192882967691
  y: 7.0
  z: 0.4715268133779694
  yaw: 0.0
  pitch: 0.0
