lastAccountName: heayVuZIqxIkj
timestamps:
  login: 1468382509409
  logout: 1468382511115
ipAddress: 195.34.79.126
socialspy: false
logoutlocation:
  world: lobby
  x: 0.6894894532075332
  y: 8.5
  z: 0.4657392929413994
  yaw: 0.0
  pitch: 0.0
