money: '250.0'
lastAccountName: TheFoxarmy
timestamps:
  login: 1476498597784
  lastteleport: 1476498614498
  logout: 1476498788006
ipAddress: 216.172.142.47
socialspy: false
lastlocation:
  world: lobby
  x: 0.5964028097698006
  y: 83.0
  z: -0.031328766370855354
  yaw: -55.35008
  pitch: 8.250005
logoutlocation:
  world: lobby
  x: 0.5230862489551613
  y: 83.0
  z: 0.4084567937759438
  yaw: 0.0
  pitch: 0.0
