lastAccountName: Toothless2831
timestamps:
  login: 1467659864634
  logout: 1467659904927
ipAddress: 31.49.28.91
socialspy: false
lastlocation:
  world: spawn
  x: -9.5
  y: 109.0
  z: 135.5
  yaw: 0.0
  pitch: 0.0
money: '110.0'
logoutlocation:
  world: spawn
  x: -9.881394098909972
  y: 109.5
  z: 108.95037887250467
  yaw: 6.149405
  pitch: 6.749957
