money: '250.0'
lastAccountName: 6z64_pQPrWaIWj0d
timestamps:
  login: 1471347882959
  logout: 1471347885483
ipAddress: 95.73.243.109
socialspy: false
logoutlocation:
  world: lobby
  x: 0.6464192882967691
  y: 7.0
  z: 0.4715268133779694
  yaw: 0.0
  pitch: 0.0
