money: '150.0'
lastAccountName: Dinnison
timestamps:
  login: 1473771124931
  logout: 1473771366343
  lastteleport: 1473771266340
ipAddress: 212.55.91.14
socialspy: false
logoutlocation:
  world: lobby
  x: 0.6464192882967691
  y: 7.0
  z: 0.4715268133779694
  yaw: 0.0
  pitch: 0.0
lastlocation:
  world: ASkyBlock
  x: 61.32641874189798
  y: 83.0155550727022
  z: 0.181918070565236
  yaw: 99.53317
  pitch: 5.2371087
