lastAccountName: GjKdAC_Onuz5O
timestamps:
  login: 1468382519029
  logout: 1468382519030
ipAddress: 95.181.177.151
socialspy: false
logoutlocation:
  world: lobby
  x: 0.6894894532075332
  y: 8.5
  z: 0.4657392929413994
  yaw: 0.0
  pitch: 0.0
