money: '150.0'
lastAccountName: 4iZx_SaSBDZxfy9k
timestamps:
  login: 1485717360417
ipAddress: 204.116.192.151
socialspy: false
logoutlocation:
  world: lobby
  x: 0.3571864863112401
  y: 83.0
  z: -0.5451610172914331
  yaw: 0.0
  pitch: 0.0
