lastAccountName: 6D7QtZtSU0CzIa2i
timestamps:
  login: 1485717307039
ipAddress: 103.228.143.88
socialspy: false
money: '150.0'
logoutlocation:
  world: lobby
  x: 0.3571864863112401
  y: 83.0
  z: -0.5451610172914331
  yaw: 0.0
  pitch: 0.0
