lastAccountName: Employedpoet20
timestamps:
  login: 1468075107830
  logout: 1468074802069
ipAddress: 162.0.130.30
socialspy: false
lastlocation:
  world: spawn
  x: -1130.5
  y: 73.5
  z: 9723.5
  yaw: -177.87675
  pitch: 11.001408
logoutlocation:
  world: lobby
  x: 0.45479202378340267
  y: 8.5
  z: 0.2520700384173211
  yaw: 0.0
  pitch: 0.0
money: '110.0'
