lastAccountName: Butzemann2222
timestamps:
  login: 1469875580396
  logout: 1469877317782
  lastteleport: 1469823219853
ipAddress: 188.108.200.168
socialspy: false
money: '160.0'
lastlocation:
  world: ASkyBlock
  x: -524.1772866037835
  y: 125.16649117765081
  z: 742.8237974060589
  yaw: -180.63214
  pitch: 88.41848
logoutlocation:
  world: lobby
  x: 0.6464192882967691
  y: 7.0
  z: 0.4715268133779694
  yaw: 0.0
  pitch: 0.0
