lastAccountName: Kattty
timestamps:
  login: 1467793548925
  logout: 1467793589538
ipAddress: 132.147.84.44
socialspy: false
lastlocation:
  world: spawn
  x: -9.5
  y: 109.0
  z: 135.5
  yaw: 0.0
  pitch: 0.0
money: '110.0'
logoutlocation:
  world: spawn
  x: -10.5
  y: 110.0
  z: 131.5
  yaw: 253.94939
  pitch: 33.90001
