money: '447.0'
lastAccountName: Freeezee
timestamps:
  login: 1474191282638
  logout: 1474191685796
  lastteleport: 1474191633695
ipAddress: 188.55.238.169
socialspy: false
logoutlocation:
  world: lobby
  x: 0.5230862489551613
  y: 83.0
  z: 0.4084567937759438
  yaw: 0.0
  pitch: 0.0
lastlocation:
  world: spawn
  x: 239.69999998807907
  y: 92.0
  z: 437.30000001192093
  yaw: 265.8036
  pitch: 19.50006
