money: '150.0'
lastAccountName: woozahYT
timestamps:
  login: 1488120042917
  lastteleport: 1488120317645
  kits:
    daily: 1488120349447
    tools: 1488120339709
    weekly: 1488120331260
  logout: 1488120866435
ipAddress: 202.91.65.182
socialspy: false
lastlocation:
  world: spawn
  x: 59.79115670105171
  y: 78.0
  z: 189.16303825013995
  yaw: -262.05035
  pitch: 4.3026433
logoutlocation:
  world: lobby
  x: 0.3571864863112401
  y: 83.0
  z: -0.5451610172914331
  yaw: 0.0
  pitch: 0.0
