lastAccountName: C8c_UPfWgVnZi
timestamps:
  login: 1468382625147
  logout: 1468382626673
ipAddress: 188.72.127.137
socialspy: false
logoutlocation:
  world: spawn
  x: -1130.5
  y: 73.5
  z: 9723.5
  yaw: -177.87675
  pitch: 11.001408
