money: '150.0'
lastAccountName: 7VS9C0nPCrXZyUKs
timestamps:
  login: 1485717263275
ipAddress: 213.21.76.47
socialspy: false
logoutlocation:
  world: lobby
  x: 0.3571864863112401
  y: 83.0
  z: -0.5451610172914331
  yaw: 0.0
  pitch: 0.0
