money: '150.0'
lastAccountName: Renzplayz
timestamps:
  login: 1486863043905
  logout: 1486863803657
  lastteleport: 1486863733075
  kits:
    daily: 1486863500694
    tools: 1486863763932
    weekly: 1486863504494
ipAddress: 110.55.0.137
socialspy: false
logoutlocation:
  world: lobby
  x: 0.3571864863112401
  y: 83.0
  z: -0.5451610172914331
  yaw: 0.0
  pitch: 0.0
lastlocation:
  world: ASkyBlock
  x: -1398.2043144419936
  y: 119.0
  z: -798.482509436846
  yaw: 84.39919
  pitch: 29.461452
afk: false
