lastAccountName: TimePXL
timestamps:
  login: 1468242691386
  logout: 1468242695529
ipAddress: 119.74.41.123
socialspy: false
logoutlocation:
  world: lobby
  x: 0.6844459501967461
  y: 8.5
  z: 1.1070269326693574
  yaw: 0.0
  pitch: 0.0
