money: '250.0'
lastAccountName: 2Zr0qQAVcoIIs
timestamps:
  login: 1470670321563
  logout: 1470670324807
ipAddress: 5.8.47.245
socialspy: false
logoutlocation:
  world: lobby
  x: 0.6464192882967691
  y: 7.0
  z: 0.4715268133779694
  yaw: 0.0
  pitch: 0.0
