socialspy: false
lastAccountName: slayerx009
timestamps:
  login: 1467832084477
  logout: 1467832091524
ipAddress: 69.159.13.61
lastlocation:
  world: spawn
  x: -9.5
  y: 109.0
  z: 135.5
  yaw: 0.0
  pitch: 0.0
logoutlocation:
  world: spawn
  x: -10.5
  y: 110.0
  z: 131.5
  yaw: -179.55074
  pitch: 3.1499646
