lastAccountName: 4lVJWlngPeSUU
timestamps:
  login: 1468382475359
  logout: 1468382481553
ipAddress: 188.72.127.53
socialspy: false
logoutlocation:
  world: lobby
  x: 0.6894894532075332
  y: 8.5
  z: 0.4657392929413994
  yaw: 0.0
  pitch: 0.0
