socialspy: false
lastAccountName: explodingtnt
timestamps:
  login: 1474709843849
  logout: 1474709863933
ipAddress: 212.181.139.182
logoutlocation:
  world: lobby
  x: 0.5230862489551613
  y: 83.0
  z: 0.4084567937759438
  yaw: 0.0
  pitch: 0.0
