socialspy: false
money: '150.0'
lastAccountName: 8_gjBTZ14h5W_rlm
timestamps:
  login: 1485717368891
ipAddress: 76.10.247.47
logoutlocation:
  world: lobby
  x: 0.3571864863112401
  y: 83.0
  z: -0.5451610172914331
  yaw: 0.0
  pitch: 0.0
