money: '446.00'
lastAccountName: neslon
timestamps:
  login: 1489406283130
  lastteleport: 1487108462070
  logout: 1489406737876
  kits:
    illuminati: 1480463968224
    pegasus: 1480462484362
    weekly: 1483304166799
ipAddress: 190.83.205.51
socialspy: false
lastlocation:
  world: ASkyBlock
  x: 49.68975685512915
  y: 87.0
  z: -2.943754230587633
  yaw: 269.78333
  pitch: -39.900013
homes:
  home:
    world: spawn
    x: 2896.135718163103
    y: 17.0
    z: 8697.7563776133
    yaw: 244.08562
    pitch: -48.449924
logoutlocation:
  world: lobby
  x: 0.3571864863112401
  y: 83.0
  z: -0.5451610172914331
  yaw: 0.0
  pitch: 0.0
afk: false
