money: '250.0'
lastAccountName: 1v_sZ1uwH6u6R
timestamps:
  login: 1470234404309
  logout: 1470234406102
ipAddress: 5.8.47.93
socialspy: false
logoutlocation:
  world: lobby
  x: 0.6464192882967691
  y: 7.0
  z: 0.4715268133779694
  yaw: 0.0
  pitch: 0.0
