money: '150.0'
lastAccountName: O_oAr
timestamps:
  login: 1486274458966
  kits:
    daily: 1486274537386
    tools: 1486274880530
    weekly: 1486274539881
  logout: 1486274928882
ipAddress: 99.140.22.137
socialspy: false
logoutlocation:
  world: lobby
  x: 0.3571864863112401
  y: 83.0
  z: -0.5451610172914331
  yaw: 0.0
  pitch: 0.0
