money: '250.0'
lastAccountName: 4ZaMv_ZfnT3HdT9F
timestamps:
  login: 1471347881214
  logout: 1471347911088
ipAddress: 104.199.151.222
socialspy: false
logoutlocation:
  world: lobby
  x: 0.6464192882967691
  y: 7.0
  z: 0.4715268133779694
  yaw: 0.0
  pitch: 0.0
