money: '250.0'
lastAccountName: alexlutteur
timestamps:
  login: 1472886941664
  logout: 1472887193083
  lastteleport: 1472887061049
ipAddress: 41.213.147.35
socialspy: false
logoutlocation:
  world: lobby
  x: 0.6464192882967691
  y: 7.0
  z: 0.4715268133779694
  yaw: 0.0
  pitch: 0.0
lastlocation:
  world: skyblock
  x: -2.361273755863114
  y: 82.0
  z: 1.2105475165741901
  yaw: -12.451107
  pitch: 20.850098
