lastAccountName: 1panda80
timestamps:
  login: 1472575247995
  logout: 1472575254493
ipAddress: 193.90.12.86
money: '150.0'
socialspy: false
logoutlocation:
  world: lobby
  x: 0.6464192882967691
  y: 7.0
  z: 0.4715268133779694
  yaw: 0.0
  pitch: 0.0
