lastAccountName: 38GJrz0kmiIKF
timestamps:
  login: 1470234750912
ipAddress: 5.101.217.145
socialspy: false
money: '150.0'
logoutlocation:
  world: lobby
  x: 0.6464192882967691
  y: 7.0
  z: 0.4715268133779694
  yaw: 0.0
  pitch: 0.0
