money: '250.0'
lastAccountName: 0Xuj6h6kc11KU
timestamps:
  login: 1470234609838
ipAddress: 91.229.229.249
socialspy: false
logoutlocation:
  world: lobby
  x: 0.6464192882967691
  y: 7.0
  z: 0.4715268133779694
  yaw: 0.0
  pitch: 0.0
