money: '250.0'
socialspy: false
lastAccountName: 5bums2kt
timestamps:
  login: 1479243906274
  logout: 1479243906497
ipAddress: 46.40.16.181
logoutlocation:
  world: lobby
  x: 0.3571864863112401
  y: 83.0
  z: -0.5451610172914331
  yaw: 0.0
  pitch: 0.0
