money: '250.0'
lastAccountName: Master_pvp13
timestamps:
  login: 1482076853990
  kits:
    daily: 1482076870439
    tools: 1482076882834
    weekly: 1482076868888
  logout: 1482076916200
ipAddress: 184.56.38.236
socialspy: false
logoutlocation:
  world: lobby
  x: 0.3571864863112401
  y: 83.0
  z: -0.5451610172914331
  yaw: 0.0
  pitch: 0.0
