money: '250.0'
lastAccountName: wjpp
timestamps:
  login: 1476498820628
  lastteleport: 1476498830700
  logout: 1476498838691
ipAddress: 216.172.142.251
socialspy: false
lastlocation:
  world: lobby
  x: 0.5964028097698006
  y: 83.0
  z: -0.031328766370855354
  yaw: -181.80005
  pitch: 10.200001
logoutlocation:
  world: lobby
  x: 0.5230862489551613
  y: 83.0
  z: 0.4084567937759438
  yaw: 0.0
  pitch: 0.0
