money: '250.0'
socialspy: false
lastAccountName: 60u2nhbzAVURA
timestamps:
  login: 1471828723353
ipAddress: 37.9.41.79
logoutlocation:
  world: lobby
  x: 0.6464192882967691
  y: 7.0
  z: 0.4715268133779694
  yaw: 0.0
  pitch: 0.0
