lastAccountName: 6CfxRIqPa7Tt_q_H
timestamps:
  login: 1485717329431
ipAddress: 207.190.75.224
socialspy: false
money: '150.0'
logoutlocation:
  world: lobby
  x: 0.3571864863112401
  y: 83.0
  z: -0.5451610172914331
  yaw: 0.0
  pitch: 0.0
