money: '150.0'
socialspy: false
lastAccountName: 3JbWQjlZOaMvso8i
timestamps:
  login: 1485717263284
ipAddress: 69.161.45.1
logoutlocation:
  world: lobby
  x: 0.3571864863112401
  y: 83.0
  z: -0.5451610172914331
  yaw: 0.0
  pitch: 0.0
