lastAccountName: Speedcrafter11
timestamps:
  login: 1467735565323
  logout: 1467735613280
ipAddress: 75.30.104.171
socialspy: false
lastlocation:
  world: spawn
  x: -9.5
  y: 109.0
  z: 135.5
  yaw: 0.0
  pitch: 0.0
money: '110.0'
logoutlocation:
  world: spawn
  x: -10.268581344617175
  y: 109.5
  z: 117.3105956817771
  yaw: -14.8506365
  pitch: 15.900012
