money: '150.0'
lastAccountName: 67azYit2ktuvc9Bb
timestamps:
  login: 1485717382581
ipAddress: 194.106.238.172
socialspy: false
logoutlocation:
  world: lobby
  x: 0.3571864863112401
  y: 83.0
  z: -0.5451610172914331
  yaw: 0.0
  pitch: 0.0
