money: '250.0'
lastAccountName: _xXSalamanderXx_
timestamps:
  login: 1472344743963
  kits:
    daily: 1472344436502
    tools: 1472344431352
    weekly: 1472344444905
  logout: 1472345036708
ipAddress: 190.213.193.96
socialspy: false
logoutlocation:
  world: lobby
  x: 0.6464192882967691
  y: 7.0
  z: 0.4715268133779694
  yaw: 0.0
  pitch: 0.0
