money: '250.0'
lastAccountName: 8KdCXtGHmM1jL
timestamps:
  login: 1470234501027
ipAddress: 193.106.31.246
socialspy: false
logoutlocation:
  world: lobby
  x: 0.6464192882967691
  y: 7.0
  z: 0.4715268133779694
  yaw: 0.0
  pitch: 0.0
