money: '250.0'
lastAccountName: ItzAlex11PvP
timestamps:
  login: 1472575842930
  logout: 1472576118768
  lastteleport: 1472575710159
  kits:
    weekly: 1472575725849
ipAddress: 82.41.74.114
socialspy: false
logoutlocation:
  world: lobby
  x: 0.6464192882967691
  y: 7.0
  z: 0.4715268133779694
  yaw: 0.0
  pitch: 0.0
lastlocation:
  world: lobby
  x: 15.026159804248467
  y: 7.5
  z: -4.2890565526377715
  yaw: -196.04996
  pitch: 37.349968
