money: '250.0'
lastAccountName: 9hTlA5lWMhXd5
timestamps:
  login: 1471828689517
ipAddress: 185.14.192.26
socialspy: false
logoutlocation:
  world: lobby
  x: 0.6464192882967691
  y: 7.0
  z: 0.4715268133779694
  yaw: 0.0
  pitch: 0.0
