money: '250.0'
lastAccountName: 39uTHepmspQ8x
timestamps:
  login: 1470234669394
ipAddress: 146.185.205.67
socialspy: false
logoutlocation:
  world: lobby
  x: 0.44117024728147597
  y: 7.0
  z: 0.4679948560999413
  yaw: 0.5999942
  pitch: -27.749996
