lastAccountName: 8jZpItVJ7XSCP
timestamps:
  login: 1468382380520
ipAddress: 188.68.3.93
socialspy: false
logoutlocation:
  world: lobby
  x: 0.6894894532075332
  y: 8.5
  z: 0.4657392929413994
  yaw: 0.0
  pitch: 0.0
