lastAccountName: gmq0jKZ2qt1OW
timestamps:
  login: 1468382582773
  logout: 1468382588146
ipAddress: 146.185.204.157
socialspy: false
logoutlocation:
  world: lobby
  x: 0.6894894532075332
  y: 8.5
  z: 0.4657392929413994
  yaw: 0.0
  pitch: 0.0
