lastAccountName: keeeeeemstar
timestamps:
  login: 1467287960980
  lastteleport: 1467285706262
  logout: 1467288010915
ipAddress: 173.63.8.254
socialspy: false
lastlocation:
  world: spawn
  x: -1128.7506909436934
  y: 73.0
  z: 9722.384766090494
  yaw: 352.27243
  pitch: 26.786684
money: '110.0'
logoutlocation:
  world: ASkyBlock
  x: -597.7611288028814
  y: 120.0
  z: 0.7277240054963049
  yaw: 27.957947
  pitch: 27.854233
