lastAccountName: 2_VbjhSwoe5866EG
timestamps:
  login: 1485717424085
  logout: 1485717442799
ipAddress: 74.141.216.205
socialspy: false
money: '150.0'
logoutlocation:
  world: lobby
  x: 0.3571864863112401
  y: 83.0
  z: -0.5451610172914331
  yaw: 0.0
  pitch: 0.0
