lastAccountName: 5Bq61YtAKGT_Otxx
timestamps:
  login: 1485717362259
ipAddress: 91.121.48.233
socialspy: false
money: '150.0'
logoutlocation:
  world: lobby
  x: 0.3571864863112401
  y: 83.0
  z: -0.5451610172914331
  yaw: 0.0
  pitch: 0.0
