lastAccountName: 0QAxz2tWq7zzr
timestamps:
  login: 1468382027200
  logout: 1468382028538
ipAddress: 46.161.61.126
socialspy: false
logoutlocation:
  world: lobby
  x: 0.6894894532075332
  y: 8.5
  z: 0.4657392929413994
  yaw: 0.0
  pitch: 0.0
