money: '503.0'
lastAccountName: Scrump33
timestamps:
  login: 1474185361776
  logout: 1474185461222
  kits:
    daily: 1474185400332
    tools: 1474185189651
ipAddress: 75.87.112.237
socialspy: false
logoutlocation:
  world: lobby
  x: 0.5230862489551613
  y: 83.0
  z: 0.4084567937759438
  yaw: 0.0
  pitch: 0.0
lastlocation:
  world: map
  x: -995.4434919624183
  y: 88.0
  z: 275.66486586059926
  yaw: 92.431244
  pitch: 7.9748435
