money: '250.0'
lastAccountName: 5KW4I_HzvsM1byDM
timestamps:
  login: 1471348326189
  logout: 1471348327176
ipAddress: 171.25.193.78
socialspy: false
logoutlocation:
  world: lobby
  x: 0.6464192882967691
  y: 7.0
  z: 0.4715268133779694
  yaw: 0.0
  pitch: 0.0
