lastAccountName: X2KDEvT8YBrRG
timestamps:
  login: 1468382682637
  logout: 1468382684531
ipAddress: 46.161.61.110
socialspy: false
logoutlocation:
  world: lobby
  x: 0.6894894532075332
  y: 8.5
  z: 0.4657392929413994
  yaw: 0.0
  pitch: 0.0
