money: '250.0'
lastAccountName: 4HkLhO9cUB20U
timestamps:
  login: 1470234272226
ipAddress: 5.101.219.134
socialspy: false
logoutlocation:
  world: lobby
  x: 0.6464192882967691
  y: 7.0
  z: 0.4715268133779694
  yaw: 0.0
  pitch: 0.0
