money: '450.0'
lastAccountName: Alex24
timestamps:
  login: 1474791254326
  logout: 1474791341162
  kits:
    tools: 1474564626041
    weekly: 1474554702938
  lastteleport: 1474564570851
ipAddress: 151.45.232.248
socialspy: false
logoutlocation:
  world: lobby
  x: 0.5230862489551613
  y: 83.0
  z: 0.4084567937759438
  yaw: 0.0
  pitch: 0.0
lastlocation:
  world: skyblock
  x: 11.487205960091252
  y: 82.0
  z: 2.636992019098852
  yaw: 85.34906
  pitch: 7.8000994
