money: '250.0'
lastAccountName: '123123123'
timestamps:
  login: 1473770168469
  kits:
    daily: 1473770243140
    tools: 1473770269345
    weekly: 1473770277675
  logout: 1473770492512
ipAddress: 212.55.91.14
socialspy: false
logoutlocation:
  world: lobby
  x: 0.6464192882967691
  y: 7.0
  z: 0.4715268133779694
  yaw: 0.0
  pitch: 0.0
