lastAccountName: 6yBH5ELqJ4hfX9B0
timestamps:
  login: 1485717414448
ipAddress: 213.164.216.250
socialspy: false
money: '150.0'
logoutlocation:
  world: lobby
  x: 0.3571864863112401
  y: 83.0
  z: -0.5451610172914331
  yaw: 0.0
  pitch: 0.0
