lastAccountName: FIwr8uObkZK2E
timestamps:
  login: 1468382455074
  logout: 1468382456239
ipAddress: 91.229.229.187
socialspy: false
logoutlocation:
  world: lobby
  x: 0.6894894532075332
  y: 8.5
  z: 0.4657392929413994
  yaw: 0.0
  pitch: 0.0
