money: '250.0'
lastAccountName: 26RYAecgQ55Em
timestamps:
  login: 1471828699561
ipAddress: 91.200.80.138
socialspy: false
logoutlocation:
  world: lobby
  x: 0.6464192882967691
  y: 7.0
  z: 0.4715268133779694
  yaw: 0.0
  pitch: 0.0
