money: '150.0'
lastAccountName: 1m2TP4rKYaW298Kr
timestamps:
  login: 1485717420185
ipAddress: 74.221.202.203
socialspy: false
logoutlocation:
  world: lobby
  x: 0.3571864863112401
  y: 83.0
  z: -0.5451610172914331
  yaw: 0.0
  pitch: 0.0
