money: '250.0'
socialspy: false
lastAccountName: 3a71Pye9NiNbS
timestamps:
  login: 1470234284372
ipAddress: 188.68.3.163
logoutlocation:
  world: lobby
  x: 0.6464192882967691
  y: 7.0
  z: 0.4715268133779694
  yaw: 0.0
  pitch: 0.0
