lastAccountName: gsGM_DbSTH0oG
timestamps:
  login: 1468382026859
  logout: 1468382028538
ipAddress: 5.189.205.165
socialspy: false
logoutlocation:
  world: lobby
  x: 0.6894894532075332
  y: 8.5
  z: 0.4657392929413994
  yaw: 0.0
  pitch: 0.0
