socialspy: false
lastAccountName: upjsigNhePYI6
timestamps:
  login: 1468382012467
  logout: 1468382013485
ipAddress: 188.68.0.33
logoutlocation:
  world: lobby
  x: 0.6894894532075332
  y: 8.5
  z: 0.4657392929413994
  yaw: 0.0
  pitch: 0.0
