lastAccountName: zion135
timestamps:
  login: 1467018405296
  lastteleport: 1467018443375
  logout: 1467018450185
ipAddress: 66.215.225.12
socialspy: false
lastlocation:
  world: spawn
  x: -34.39120492044289
  y: 109.0
  z: 131.0230734672233
  yaw: 49.79959
  pitch: 3.60002
money: '110.0'
logoutlocation:
  world: spawn
  x: -1124.1404558357292
  y: 74.0
  z: 9720.091050836225
  yaw: 71.70608
  pitch: 13.950031
