lastAccountName: Nich2313
timestamps:
  login: 1469870600073
  logout: 1469870606999
ipAddress: 87.56.39.82
socialspy: false
logoutlocation:
  world: lobby
  x: 0.6464192882967691
  y: 7.0
  z: 0.4715268133779694
  yaw: 0.0
  pitch: 0.0
