money: '150.0'
socialspy: false
lastAccountName: 7C0WX7aeD4wEKOap
timestamps:
  login: 1485717358617
ipAddress: 208.83.188.98
logoutlocation:
  world: lobby
  x: 0.3571864863112401
  y: 83.0
  z: -0.5451610172914331
  yaw: 0.0
  pitch: 0.0
