money: '250.0'
lastAccountName: 0Q0MqwP2mMRQf
timestamps:
  login: 1470234550257
  logout: 1470234566532
ipAddress: 95.181.177.126
socialspy: false
logoutlocation:
  world: lobby
  x: 0.6464192882967691
  y: 7.0
  z: 0.4715268133779694
  yaw: 0.0
  pitch: 0.0
