money: '150.0'
socialspy: false
lastAccountName: 6Y9BaM3UexRNWNTD
timestamps:
  login: 1485717399306
ipAddress: 67.60.184.242
logoutlocation:
  world: lobby
  x: 0.3571864863112401
  y: 83.0
  z: -0.5451610172914331
  yaw: 0.0
  pitch: 0.0
