lastAccountName: 5xsvb7sRSPmtn
timestamps:
  login: 1468382391826
  logout: 1468382398429
ipAddress: 5.101.221.67
socialspy: false
logoutlocation:
  world: lobby
  x: 0.6894894532075332
  y: 8.5
  z: 0.4657392929413994
  yaw: 0.0
  pitch: 0.0
