money: '150.0'
socialspy: false
lastAccountName: 7ZPIvy8BH2PgDjEE
timestamps:
  login: 1485717338803
ipAddress: 66.184.79.155
logoutlocation:
  world: lobby
  x: 0.3571864863112401
  y: 83.0
  z: -0.5451610172914331
  yaw: 0.0
  pitch: 0.0
