socialspy: false
lastAccountName: wxUOSNmHbLj9q
timestamps:
  login: 1468381888702
  logout: 1468381890385
ipAddress: 146.185.204.241
logoutlocation:
  world: lobby
  x: 0.6894894532075332
  y: 8.5
  z: 0.4657392929413994
  yaw: 0.0
  pitch: 0.0
