lastAccountName: Enelity
timestamps:
  login: 1469657947862
  logout: 1469657948799
ipAddress: 99.229.189.248
socialspy: false
logoutlocation:
  world: lobby
  x: 0.6464192882967691
  y: 7.0
  z: 0.4715268133779694
  yaw: 0.0
  pitch: 0.0
