lastAccountName: 3MPopUyJJsFho
timestamps:
  login: 1471360383487
  logout: 1471360392240
ipAddress: 5.101.219.221
socialspy: false
money: '150.0'
logoutlocation:
  world: lobby
  x: 0.6464192882967691
  y: 7.0
  z: 0.4715268133779694
  yaw: 0.0
  pitch: 0.0
