money: '250.0'
lastAccountName: DarkMinerMC
timestamps:
  login: 1470311913472
  logout: 1470311938104
ipAddress: 46.99.113.82
socialspy: false
logoutlocation:
  world: lobby
  x: 0.6464192882967691
  y: 7.0
  z: 0.4715268133779694
  yaw: 0.0
  pitch: 0.0
lastlocation:
  world: lobby
  x: 1.699999988079071
  y: 8.0
  z: -20.790309977868088
  yaw: -165.53632
  pitch: -8.5066805
