lastAccountName: nHLluB3lHzO5L
timestamps:
  login: 1468382701013
  logout: 1468382709206
ipAddress: 95.181.218.174
socialspy: false
logoutlocation:
  world: lobby
  x: 0.6894894532075332
  y: 8.5
  z: 0.4657392929413994
  yaw: 0.0
  pitch: 0.0
