money: '150.0'
socialspy: false
lastAccountName: 7MZmkfgX_LzDa98X
timestamps:
  login: 1485717347045
ipAddress: 31.192.193.206
logoutlocation:
  world: lobby
  x: 0.3571864863112401
  y: 83.0
  z: -0.5451610172914331
  yaw: 0.0
  pitch: 0.0
