socialspy: false
money: '150.0'
lastAccountName: 0u182rCygii8kBTr
timestamps:
  login: 1485717375167
ipAddress: 72.179.226.101
logoutlocation:
  world: lobby
  x: 0.3571864863112401
  y: 83.0
  z: -0.5451610172914331
  yaw: 0.0
  pitch: 0.0
