socialspy: false
lastAccountName: NiBnQVBMLLXsw
timestamps:
  login: 1468382682636
  logout: 1468382684531
ipAddress: 5.101.220.138
logoutlocation:
  world: lobby
  x: 0.6894894532075332
  y: 8.5
  z: 0.4657392929413994
  yaw: 0.0
  pitch: 0.0
