lastAccountName: bdoak2
timestamps:
  login: 1484976136555
  logout: 1484976536058
ipAddress: 60.241.56.225
socialspy: false
money: '150.0'
logoutlocation:
  world: lobby
  x: 0.3571864863112401
  y: 83.0
  z: -0.5451610172914331
  yaw: 0.0
  pitch: 0.0
lastlocation:
  world: ASkyBlock
  x: 1196.933461747334
  y: -118.46950790162482
  z: -1393.864594837222
  yaw: -154.65002
  pitch: -71.24998
