lastAccountName: darkgamerbr
timestamps:
  login: 1467498765913
  lastteleport: 1467498961815
  logout: 1467499078795
ipAddress: 177.2.141.248
socialspy: false
lastlocation:
  world: spawn
  x: -10.52809516190052
  y: 109.0
  z: 106.89107121102874
  yaw: 182.39937
  pitch: -29.099983
money: '110.0'
logoutlocation:
  world: spawn
  x: -101.69999998807907
  y: 122.0625
  z: 107.31352065112746
  yaw: 17.799227
  pitch: -11.850026
