lastAccountName: leonellpangit
timestamps:
  login: 1469892427384
  kits:
    daily: 1469892258426
    tools: 1469892255725
    weekly: 1469892261476
  logout: 1469892357862
ipAddress: 180.191.36.174
socialspy: false
money: '160.0'
logoutlocation:
  world: lobby
  x: 0.6464192882967691
  y: 7.0
  z: 0.4715268133779694
  yaw: 0.0
  pitch: 0.0
