money: '250.0'
socialspy: false
lastAccountName: 010LIAMO10
timestamps:
  login: 1477132930332
  logout: 1477132936884
ipAddress: 62.255.144.130
logoutlocation:
  world: lobby
  x: 0.5230862489551613
  y: 83.0
  z: 0.4084567937759438
  yaw: 0.0
  pitch: 0.0
