money: '150.0'
socialspy: false
lastAccountName: 2hiUZpPfKXcdr0K6
timestamps:
  login: 1485717256523
ipAddress: 66.219.222.140
logoutlocation:
  world: lobby
  x: 0.3571864863112401
  y: 83.0
  z: -0.5451610172914331
  yaw: 0.0
  pitch: 0.0
