money: '250.0'
lastAccountName: DaSwagginMonkey
timestamps:
  login: 1476184758160
  logout: 1476184967191
  kits:
    weekly: 1476184914000
  lastteleport: 1476184927761
ipAddress: 209.58.144.207
socialspy: false
logoutlocation:
  world: lobby
  x: 0.5230862489551613
  y: 83.0
  z: 0.4084567937759438
  yaw: 0.0
  pitch: 0.0
lastlocation:
  world: spawn
  x: -1105.724493186273
  y: 71.0
  z: 9724.450887353883
  yaw: 97.512726
  pitch: 18.089008
