money: '150.0'
socialspy: false
lastAccountName: 0kS_yWSrSLHwk
timestamps:
  login: 1470234423108
ipAddress: 188.72.96.55
logoutlocation:
  world: lobby
  x: 0.6464192882967691
  y: 7.0
  z: 0.4715268133779694
  yaw: 0.0
  pitch: 0.0
