money: '150.0'
lastAccountName: 8H0Nak6XNUQreXzY
timestamps:
  login: 1471027669563
  logout: 1471027671472
ipAddress: 176.126.252.12
socialspy: false
logoutlocation:
  world: lobby
  x: 0.6464192882967691
  y: 7.0
  z: 0.4715268133779694
  yaw: 0.0
  pitch: 0.0
