lastAccountName: _willeSWE_
timestamps:
  login: 1468872922441
  logout: 1468872924255
ipAddress: 81.234.42.95
socialspy: false
logoutlocation:
  world: lobby
  x: 0.6464192882967691
  y: 7.0
  z: 0.4715268133779694
  yaw: 0.0
  pitch: 0.0
