lastAccountName: 3i7hrLlYsrSw6V9j
timestamps:
  login: 1471348340484
ipAddress: 120.25.61.61
money: '150.0'
socialspy: false
logoutlocation:
  world: lobby
  x: 0.6464192882967691
  y: 7.0
  z: 0.4715268133779694
  yaw: 0.0
  pitch: 0.0
