money: '150.0'
lastAccountName: 1K7WYUl4E14dycNP
timestamps:
  login: 1485717393870
ipAddress: 172.103.19.221
socialspy: false
logoutlocation:
  world: lobby
  x: 0.3571864863112401
  y: 83.0
  z: -0.5451610172914331
  yaw: 0.0
  pitch: 0.0
