lastAccountName: 3S7E_VXF4gEOqGwN
timestamps:
  login: 1485717420208
ipAddress: 178.151.226.205
socialspy: false
money: '150.0'
logoutlocation:
  world: lobby
  x: 0.3571864863112401
  y: 83.0
  z: -0.5451610172914331
  yaw: 0.0
  pitch: 0.0
