lastAccountName: vloso
timestamps:
  login: 1468000924705
  logout: 1468000947224
ipAddress: 217.120.235.94
socialspy: false
lastlocation:
  world: spawn
  x: -1130.5
  y: 73.5
  z: 9723.5
  yaw: -177.87675
  pitch: 11.001408
money: '110.0'
logoutlocation:
  world: lobby
  x: 0.349712756593468
  y: 8.0
  z: 0.6680903850311521
  yaw: 0.0
  pitch: 0.0
