money: '150.0'
socialspy: false
lastAccountName: 9hfD1C87cvhNUbAi
timestamps:
  login: 1485717360333
ipAddress: 154.127.88.40
logoutlocation:
  world: lobby
  x: 0.3571864863112401
  y: 83.0
  z: -0.5451610172914331
  yaw: 0.0
  pitch: 0.0
