money: '150.0'
lastAccountName: LightningWolf
timestamps:
  login: 1487324323352
  logout: 1487324473211
  lastteleport: 1487324441161
ipAddress: 112.198.71.209
socialspy: false
logoutlocation:
  world: lobby
  x: 0.3571864863112401
  y: 83.0
  z: -0.5451610172914331
  yaw: 0.0
  pitch: 0.0
lastlocation:
  world: skyblock
  x: 3.27439880048
  y: 82.0
  z: -2.7118315868994696
  yaw: -147.89992
  pitch: 14.692013
