lastAccountName: 0PccDO21w_8EN
timestamps:
  login: 1468382615590
ipAddress: 95.181.218.224
socialspy: false
logoutlocation:
  world: spawn
  x: -1130.5
  y: 73.5
  z: 9723.5
  yaw: -177.87675
  pitch: 11.001408
