money: '1183.0'
lastAccountName: Mythical124
timestamps:
  login: 1485073837389
  logout: 1485073883105
  lastteleport: 1478352882162
  kits:
    daily: 1477307474271
    titan: 1477521337016
    coal: 1477521368578
    tools: 1477040627814
    weekly: 1477979323088
    emerald: 1477521302253
  mute: 0
ipAddress: 115.133.253.241
socialspy: false
logoutlocation:
  world: lobby
  x: 0.3571864863112401
  y: 83.0
  z: -0.5451610172914331
  yaw: 0.0
  pitch: 0.0
lastlocation:
  world: spawn
  x: -1159.2973368383693
  y: 73.0
  z: 9728.887880179842
  yaw: -100.88367
  pitch: 25.512867
muted: false
afk: false
nickname: Mythical124
homes:
  raid:
    world: spawn
    x: -321.93858836326535
    y: 81.25140838029654
    z: -433.68951039293904
    yaw: -145.6247
    pitch: 6.4073772
