money: '150.0'
socialspy: false
lastAccountName: 459pm
timestamps:
  login: 1471362748414
  logout: 1471362716910
ipAddress: 5.101.220.228
logoutlocation:
  world: lobby
  x: 0.6464192882967691
  y: 7.0
  z: 0.4715268133779694
  yaw: 0.0
  pitch: 0.0
