jails: 
  1: 
    world: spawn
    x: 316.53967001128274
    y: 71.5
    z: -875.6923114704759
    yaw: 176.49628
    pitch: 19.426987
