spawns: 
  default: 
    world: lobby
    x: 0.5794843830517933
    y: 8.5
    z: 0.43864976975473047
    yaw: 2.85
    pitch: 39.600014
