name: mLite16
uuid: 15a2c92f-2e15-3de8-96e8-db8e4f6fed41
logoffworld: lobby
balances:
  lobby_nether: 0.0
  lobby: 7436.0
  spawn: 1.9630199E7
  spawn_the_end: 0.0
  hub: 0.0
  ASkyBlock: 0.0
  spawn_nether: 0.0
  ASkyBlock_nether: 0.0
  skyblock: 1.0988768742E10
  map: 410.0
  skywars: 800.0
