name: Asif
uuid: 1abe6554-f34b-3daa-8e74-8853621edcbf
logoffworld: lobby
balances:
  lobby: 4.54645474E8
  spawn: 3.52469586E8
  hub: 100.0
  spawn_the_end: 0.0
  ASkyBlock: 773883.5
  spawn_nether: 0.0
  ASkyBlock_nether: 0.0
  skyblock: 0.0
  map: 1882700.0
  skywars: 880.0
