name: Erwinrommel
uuid: 57564731-a0ad-3c2f-9388-13df00293b0a
logoffworld: lobby
balances:
  lobby_nether: 350.56
  lobby: 450.56100000000083
  spawn: 4.8080014007E8
  spawn_nether: 0.0
  ASkyBlock: 0.0
  ASkyBlock_nether: 0.0
  skyblock: 673.56
  map: 250.0
  skywars: 450.56
