name: Astrofish7
uuid: 605b416a-6ce9-3730-9358-092320cbb0f1
logoffworld: lobby
balances:
  lobby_nether: 0.0
  lobby: 4182.021200000001
  spawn: 940886.16
  hub: 900.0
  spawn_the_end: 0.01
  ASkyBlock: 0.0
  spawn_nether: 0.0
  ASkyBlock_nether: 0.0
  skyblock: 1.2444176607E10
  map: 3400.01
  skywars: 1000.0
