name: PyroGuy15
uuid: 704f3255-58ae-3efc-a82b-337facb95d96
logoffworld: lobby
balances:
  lobby_nether: 0.0
  lobby: 1336935.0007000002
  spawn: 5.38617709E8
  spawn_the_end: 0.0
  spawn_nether: 0.0
  ASkyBlock: -6853.0
  ASkyBlock_nether: 0.0
  skyblock: 0.0
  map: 400.0
  skywars: 1000.0
