name: thenameisemma03
uuid: 8897b863-5794-3d42-93c4-a80033e47f47
logoffworld: spawn
balances:
  skyblock_the_end: 1.3051894E7
  lobby: 1.3051594E7
  spawn: 1.3051794E7
  hub: 0.0
  spawn_the_end: 0.0
  spawn_nether: 0.0
  ASkyBlock: 0.0
  ASkyBlock_nether: 0.0
  skyblock: 1.01001E7
  map: -9900.0
  skywars: 100.0
