name: AxelTWC
uuid: afa8e45c-6d0e-334b-a418-49bd64eca156
logoffworld: spawn
balances:
  lobby: 3414.0
  spawn: 2.07471029796E7
  hub: 200.0
  spawn_the_end: 100.0
  ASkyBlock: 9.883001765E8
  spawn_nether: 0.0
  ASkyBlock_nether: 0.0
  skyblock: 0.0
  map: 95269.0
  skywars: 7300.0
