name: MomentousMaster
uuid: c2698cb4-e97e-3309-bca1-47d42c42461a
logoffworld: lobby
balances:
  lobby: 60.995999999999995
  spawn: 2.001854363986E10
  hub: 0.0
  spawn_nether: 0.0
  ASkyBlock: 6900.0
  ASkyBlock_nether: 0.0
  skyblock: 0.0
  map: -100.0
  skywars: 0.0
