world: spawn
x: 290.69999998807907
y: 164.0
z: 187.30000001192093
yaw: -332.99805
pitch: 8.849993
name: BuilderExam
