world: spawn
x: 59.61206050105888
y: 78.0
z: 225.00373668724382
yaw: -179.12012
pitch: 16.345789
name: crates
