world: spawn
x: -482.5550476656747
y: 234.0
z: -625.5598419343952
yaw: 3.5214233
pitch: 27.89983
name: DeathRing
