world: spawn
x: 19.5
y: 88.0
z: 133.5
yaw: -88.714165
pitch: 9.249222
name: dp
