world: spawn
x: 379.9169698568094
y: 85.0
z: 111.43775049579747
yaw: -81.24451
pitch: 36.5325
name: examroom
