world: spawn
x: 59.522292097181165
y: 78.0
z: 242.51459807118326
yaw: -180.60037
pitch: 0.10264312
name: Factions
