world: spawn
x: 316.52141177703083
y: 71.0
z: -870.7145020804448
yaw: 183.6001
pitch: 58.049995
name: HackerCage
