world: spawn
x: 51.26743969840906
y: 78.0
z: 223.15318156153342
yaw: -269.85626
pitch: -0.15002804
name: Jobs
