world: spawn
x: 632.0509887794468
y: 67.0
z: 950.0774119255657
yaw: -280.79993
pitch: 20.999992
name: Jungle
