world: map
x: -990.5
y: 87.0
z: 275.5
yaw: -3.4746518
pitch: 1.9216713
name: kitpvp
