world: MarriageChapel
x: -25.495540880131497
y: 4.0
z: 76.67868156862016
yaw: -89.28577
pitch: 68.84989
name: MarriageChapel
