world: skywars
x: -239.5889640805591
y: 5.0
z: -2.5440195667609427
yaw: -89.89296
pitch: -4.9500084
name: minigames
