world: skywars
x: 41.42142612829544
y: 41.0
z: 7.518935931204494
yaw: -88.82937
pitch: 10.673342
name: mini-parkour
