world: spawn
x: 76.05806945365569
y: 78.0625
z: 236.5898482549088
yaw: -87.70511
pitch: 2.944712
name: MiniFarm
