world: spawn_nether
x: 387.5769854562478
y: 71.0
z: 139.07812635882678
yaw: 1.1221924
pitch: 15.950306
name: Nether
