world: spawn
x: 60.12978076887312
y: 78.0
z: 177.8070202204404
yaw: 90.388336
pitch: 13.101491
name: Potionshop
