world: spawn
x: 273.4886470242087
y: 169.0
z: 203.43362089351183
yaw: -172.19238
pitch: 43.17768
name: pvp
