world: spawn
x: 88.85620598173347
y: 78.0
z: 181.29927834075175
yaw: -90.08391
pitch: -0.8537776
name: Raidshop
