world: spawn
x: 60.65867047815995
y: 68.0
z: 209.55189883226126
yaw: 89.80886
pitch: 6.0511365
name: Shop
