world: skyblock
x: -2.5
y: 83.0
z: 2.5
yaw: 26.845615
pitch: 23.842012
name: skyblock
