world: ASkyBlock
x: 62.23142811720128
y: 93.0
z: -0.990810359671293
yaw: -272.39108
pitch: 1.1808367
name: skyshop
