world: spawn
x: -734.9107267225468
y: 26.0
z: 979.5662088413901
yaw: 219.99194
pitch: 32.249973
name: sp
