world: lobby
x: 2.50517909669214
y: 162.0
z: 5.232708791394932
yaw: -179.44843
pitch: -3.2079139
name: staff
