world: spawn
x: 51.672775725375296
y: 78.0
z: 180.34921463939676
yaw: -90.18999
pitch: 15.88062
name: Villagers
