world: spawn
x: -222.5925026260467
y: 63.0
z: -940.4680889417282
yaw: 355.94986
pitch: 14.099982
name: whosbase?
